cam0:
  cam_overlaps: [1, 3]
  camera_model: ds
  distortion_coeffs: []
  distortion_model: none
  intrinsics: [-0.10764759614394513, 0.6416591362221928, 234.1153354943244, 234.15828512631907, 329.22494810972404, 251.8061310203785]
  resolution: [640, 480]
  rostopic: /camera/image_raw_front
cam1:
  T_cn_cnm1:
  - [-0.01688719370962921, -0.04275531896591252, 0.9989428439048617, 0.06998558705411093]
  - [0.04023526808405378, 0.9982469969942257, 0.043405716146735066, -0.0006260440433996877]
  - [-0.999047519335699, 0.04092573386183436, -0.015137318687684309, -0.061748510753942436]
  - [0.0, 0.0, 0.0, 1.0]
  cam_overlaps: [0, 2]
  camera_model: ds
  distortion_coeffs: []
  distortion_model: none
  intrinsics: [-0.18466925908260529, 0.6149997983256179, 215.2470587973877, 215.5317416595294, 322.7670973976468, 231.16223314538485]
  resolution: [640, 480]
  rostopic: /camera/image_raw_rear
cam2:
  T_cn_cnm1:
  - [0.0024054179008531906, -0.052026337966438616, 0.998642816087171, 0.051889065562668334]
  - [0.023827292595991062, 0.9983651596954837, 0.05195448040109518, 0.0036243954834874847]
  - [-0.9997131959178385, 0.0236699823406073, 0.0036411322041439154, -0.0452705973299215]
  - [0.0, 0.0, 0.0, 1.0]
  cam_overlaps: [1, 3]
  camera_model: ds
  distortion_coeffs: []
  distortion_model: none
  intrinsics: [-0.21518083918485126, 0.6081489741196401, 210.6745396695529, 210.60024087088945, 312.3821134758953, 240.1287989840904]
  resolution: [640, 480]
  rostopic: /camera/image_raw_left
cam3:
  T_cn_cnm1:
  - [0.006447582600358881, -0.03850382286376903, 0.9992376515641829, 0.053409215694181104]
  - [0.01075535489825729, 0.9992032922132592, 0.03843309994279648, 0.0020451672518615547]
  - [-0.9999213724186718, 0.01049935498380483, 0.006856568040934985, -0.04618801272502817]
  - [0.0, 0.0, 0.0, 1.0]
  cam_overlaps: [0, 2]
  camera_model: ds
  distortion_coeffs: []
  distortion_model: none
  intrinsics: [-0.21942490844131504, 0.6112838468816735, 212.35809760855568, 211.85784962443978, 345.5482644904297, 229.40396016978363]
  resolution: [640, 480]
  rostopic: /camera/image_raw_right
